11512
46198
22064
16158
34115
13137
10516
11805
40587
26711
24875
41227
30080
13123
3491
13266
29620
25322
4444
51934
26064
25843
14064
59315
26129
16166
12758
33355
19195
51980
34227
30707
32642
56291
46866
1221
3893
57382
13027
44480
18557
37902
20171
48638
51025
23663
61904
15109
48985
812
1507
9514
26656
15572
3293
52785
31738
16051
20604
50933
2495
54831
16105
35138
45587
62971
36359
49480
54817
49386
28424
7839
21752
48595
56477
7241
6722
52845
22350
55708
53657
23858
65222
14777
39430
2979
2026
5632
19031
22631
56565
21526
11926
7134
56664
57513
4569
27488
41457
59387
11338
4345
1690
33091
52941
58167
40332
59663
45476
62683
49835
33597
21005
49521
48375
60435
52501
50401
531
5996
7496
57096
27522
19423
64231
18651
11400
3264
46139
52858
62651
57477
57203
64341
25032
44608
56972
65365
38736
36912
62512
23035
4974
17981
7021
53349
12880
59522
38214
13411
65518
45711
4971
27504
65134
3666
46155
10998
6931
26758
63856
4046
18700
55524
2852
43732
34596
59824
43561
7796
31201
40537
30832
36175
58518
37853
23988
5862
31839
62202
19273
31821
42377
24245
59325
41975
27911
39945
52974
34842
1167
51294
38889
19867
41282
41741
63600
10343
36029
41625
18139
1694
16627
48971
37869
9609
21288
61857
15472
53127
58524
34745
19412
35365
58990
13202
11805
21366
53147
64779
56208
54314
50537
29561
8646
26284
5766
6710
36627
41796
48335
54766
43490
64962
38202
15824
9036
59490
12145
24508
47082
5133
59253
958
40499
52708
14160
52304
8538
1771
51547
64746
56086
36548
28772
64732
62832
34538
5906
33923
10798
54241
23154
54289
53668
61356
4577
62704
55310
16722
21676
36856
21856
15393
37815
62355
2565
51975
49123
11103
53747
35134
10314
44297
6146
39086
43493
3443
8088
49399
37366
18887
38104
60520
7640
26236
56340
12217
23404
46115
28939
45080
17435
50795
60474
55250
47614
63039
41690
31201
8607
29901
799
18921
8662
6946
58007
52155
10389
559
36018
47755
19446
8586
42740
27086
34823
33544
39303
58227
14123
2707
37772
31559
53502
32710
21273
35581
30213
62963
1246
38820
27328
2046
57741
35990
8992
50212
22609
19381
50772
58627
1600
4682
1678
44340
31769
36501
12349
5536
29192
26472
8243
1428
58031
61746
34138
13769
31791
64352
11196
33037
37636
38525
35083
29842
8979
44075
14518
31589
63456
65290
24680
65057
4437
26358
43861
36206
62859
56210
41742
26516
17147
49986
27944
9642
46196
62083
23411
12451
60899
34608
45488
32999
7597
15036
62841
16576
59111
11824
48165
57032
11578
7310
56553
16015
33668
34878
52221
30992
25553
28428
57508
42700
12878
19916
52342
59074
16463
10218
5989
11826
44826
51477
44826
52423
977
42131
3463
60089
53955
51629
51585
65534
58939
42602
16013
27071
11944
2699
58063
37497
31127
50035
14661
44005
4416
1468
37543
20879
11686
43532
32706
56512
29473
11996
43399
30451
54127
46862
25004
42547
32955
11053
42545
26358
53655
58558
53430
63
61257
45957
37561
26848
30457
52222
5317
34873
53690
42860
55752
65376
20856
22922
56352
50330
34918
34215
15245
23510
15542
40249
521
48497
51302
43066
9320
39421
36088
62750
39484
31810
43171
11509
58658
8092
63732
63976
42965
51886
41300
33182
51727
62157
56104
42543
46951
25487
11223
62196
48997
26765
36909
49518
9726
22675
27048
19046
62096
63136
16260
36044
29410
59432
47554
22533
1988
45750
20973
44954
32100
62273
12600
18291
58894
3168
60835
40309
28655
6522
36969
12116
33287
8342
61634
43013
31017
23146
62060
27577
20747
12784
63622
50157
6680
45640
7154
8669
25854
28127
53623
57954
24865
687
10710
18223
3855
6009
58533
32511
12531
29966
44627
45818
38309
40726
23295
3790
63872
19819
31368
19083
32604
29454
3705
39284
9558
10859
47953
35412
38987
36040
27830
63852
36727
38540
16539
40583
44549
9536
7558
57080
39503
52185
37362
12276
27375
60658
16066
25712
14941
47434
44795
47545
11352
48500
21294
20910
59360
3711
56322
32811
39752
18617
31127
10943
57157
47666
51526
36171
57203
59084
27715
31170
45734
65078
43446
7573
60200
59512
33285
9605
41411
12545
57151
52763
61045
12909
8138
54869
16620
64460
22144
56372
17541
53271
1780
9163
35402
53306
45334
27069
46855
7513
58239
27053
7055
36149
34626
1719
30125
2376
11325
6000
14921
2940
58764
10430
15849
1366
65300
32469
290
21908
23306
17832
9644
25086
26995
45046
12856
6793
6579
59711
14306
64818
21228
21362
35431
55855
23081
20
58231
34406
6021
7616
37346
64785
18046
53195
615
17810
20129
905
39719
43435
18737
49363
2985
45732
28873
15841
52525
35452
10017
1296
34734
31245
22658
4629
21564
45739
4649
14259
14610
10670
21875
51956
9919
39922
39616
10534
57732
59745
11440
31915
37644
30177
15742
40629
10374
44615
56470
62899
14531
951
64195
49265
32197
21317
53894
53761
1521
58544
2485
16131
3678
24360
2551
13598
64282
42167
24132
56479
36376
35572
22858
8484
214
38601
49113
10588
17680
40048
7951
32212
40999
6611
15941
7660
27928
4300
61422
29449
62844
63907
45580
986
22731
48132
14584
21478
24763
38717
12421
61140
8753
35279
4088
8967
8344
53202
19555
26025
27714
27507
58237
3177
34118
8642
10838
62046
12942
6724
25960
10250
5095
6004
11237
27826
54136
25821
49304
13364
64538
61725
8968
7756
31469
13056
16723
39813
722
36279
302
28436
63786
58539
31614
32368
1646
42452
28878
14588
49176
54838
24839
54271
60843
36076
16561
49443
61897
330
62807
60900
62055
6239
3120
27988
19296
19843
2266
20018
56122
2568
48455
54372
61108
14533
21204
62754
56985
50083
11806
40625
39385
36645
29360
34692
7185
45921
18600
3547
46251
15871
64447
42771
22111
2031
5223
41407
21874
7489
61425
12461
10058
44344
1297
5630
58877
22502
2848
50326
7049
14654
25415
46434
51300
54775
15591
58485
35161
34191
62032
15876
50062
60943
58647
6637
62974
63871
48044
19313
5824
43934
31774
15882
22742
33071
21512
16084
55573
24360
874
62622
39015
26290
43521
24779
15529
59112
17728
50690
27767
14225
1031
12293
9632
59678
18931
7071
58013
1439
26384
63838
45373
58158
14184
2580
25693
35697
18664
15731
60057
19538
12817
33536
45828
56338
